1 14
2 15
3 14
4 14
5 15
6 14
7 14
8 14
9 15
10 14
11 14
12 15
13 14
14 14
15 14
16 15
17 14
18 14
19 14
20 15
21 14
22 14
23 14
24 14
25 14
26 14
27 14
28 14
29 14
30 14
31 15
32 14
33 14
34 15
35 14
36 14
37 14
38 14
39 14
40 14
41 14
42 14
43 14
44 14
45 14
46 14
47 14
48 14
49 14
50 14
51 14
52 14
53 14
54 14
55 14
56 14
57 14
58 14
59 14
60 14
61 14
62 14
63 14
64 14
65 14
66 14
67 14
68 14
69 14
70 14
71 14
72 14
73 14
74 14
75 14
76 13
77 14
78 15
79 13
80 14
81 13
82 14
83 14
84 14
85 15
86 13
87 13
88 14
89 14
90 14
91 14
92 14
93 14
94 13
95 14
96 13
97 14
98 14
99 13
100 14
101 15
102 14
103 13
104 13
105 13
106 14
107 13
108 14
109 14
110 14
111 14
112 14
113 14
114 13
115 13
116 13
117 13
118 13
119 13
120 14
121 13
122 14
123 14
124 14
125 14
126 14
127 14
128 14
129 13
130 13
131 13
132 13
133 13
134 13
135 13
136 13
137 14
138 13
139 14
140 14
141 14
142 13
143 15
144 14
145 14
146 14
147 12
148 12
149 13
150 12
151 13
152 13
153 13
154 12
155 14
156 13
157 13
158 13
159 13
160 14
161 13
162 14
163 14
164 14
165 13
166 14
167 14
168 15
169 14
170 14
171 12
172 12
173 12
174 12
175 13
176 12
177 12
178 13
179 12
180 13
181 13
182 12
183 13
184 13
185 13
186 13
187 13
188 13
189 14
190 13
191 13
192 14
193 13
194 14
195 13
196 14
197 14
198 14
199 14
200 14
201 14
202 14
203 14
204 15
205 11
206 12
207 11
208 12
209 12
210 11
211 12
212 12
213 12
214 12
215 12
216 12
217 12
218 12
219 13
220 12
221 12
222 13
223 12
224 13
225 12
226 13
227 13
228 13
229 12
230 13
231 13
232 13
233 13
234 13
235 14
236 13
237 13
238 13
239 14
240 13
241 14
242 13
243 14
244 14
245 13
246 14
247 14
248 14
249 14
250 14
251 14
252 14
253 14
254 14
255 15
256 14
257 11
258 11
259 10
260 11
261 11
262 11
263 11
264 11
265 12
266 11
267 11
268 11
269 12
270 11
271 11
272 12
273 11
274 12
275 11
276 12
277 11
278 12
279 12
280 12
281 11
282 12
283 12
284 12
285 12
286 12
287 12
288 12
289 12
290 13
291 12
292 12
293 12
294 13
295 12
296 12
297 13
298 12
299 13
300 13
301 12
302 13
303 13
304 13
305 12
306 13
307 13
308 13
309 13
310 13
311 13
312 13
313 13
314 14
315 13
316 13
317 13
318 14
319 13
320 14
321 13
322 14
323 13
324 14
325 13
326 14
327 14
328 14
329 13
330 14
331 14
332 14
333 14
334 14
335 14
336 14
337 14
338 15
339 14
340 14
341 14
342 10
343 10
344 9
345 10
346 10
347 9
348 10
349 10
350 10
351 9
352 10
353 10
354 10
355 10
356 10
357 10
358 10
359 10
360 10
361 10
362 10
363 11
364 10
365 10
366 10
367 10
368 11
369 10
370 10
371 11
372 10
373 11
374 10
375 11
376 10
377 11
378 10
379 11
380 11
381 10
382 11
383 11
384 10
385 11
386 11
387 11
388 11
389 11
390 10
391 11
392 11
393 11
394 11
395 11
396 12
397 11
398 11
399 11
400 11
401 11
402 12
403 11
404 11
405 12
406 11
407 11
408 12
409 11
410 12
411 11
412 12
413 11
414 12
415 11
416 12
417 12
418 11
419 12
420 12
421 12
422 12
423 11
424 12
425 12
426 12
427 12
428 12
429 12
430 12
431 12
432 12
433 12
434 12
435 13
436 12
437 12
438 12
439 13
440 12
441 12
442 13
443 12
444 13
445 12
446 13
447 12
448 13
449 12
450 13
451 12
452 13
453 13
454 12
455 13
456 13
457 13
458 12
459 13
460 13
461 13
462 13
463 13
464 13
465 13
466 13
467 13
468 13
469 13
470 13
471 14
472 13
473 13
474 13
475 14
476 13
477 13
478 14
479 13
480 14
481 13
482 14
483 13
484 14
485 13
486 14
487 13
488 14
489 14
490 13
491 14
492 14
493 14
494 14
495 13
496 14
497 14
498 14
499 14
500 14
501 14
502 14
503 14
504 14
505 15
506 14
507 14
508 14
509 14
510 15
511 14
512 14
513 7
514 8
515 7
516 7
517 7
518 8
519 7
520 7
521 7
522 8
523 7
524 7
525 8
526 7
527 7
528 8
529 7
530 8
531 7
532 7
533 8
534 7
535 8
536 7
537 8
538 7
539 8
540 8
541 7
542 8
543 7
544 8
545 8
546 7
547 8
548 7
549 8
550 8
551 8
552 7
553 8
554 8
555 8
556 7
557 8
558 8
559 8
560 8
561 7
562 8
563 8
564 8
565 8
566 8
567 8
568 8
569 8
570 8
571 8
572 8
573 8
574 8
575 8
576 8
577 8
578 8
579 8
580 8
581 8
582 9
583 8
584 8
585 8
586 8
587 8
588 9
589 8
590 8
591 8
592 9
593 8
594 8
595 9
596 8
597 8
598 9
599 8
600 9
601 8
602 8
603 9
604 8
605 9
606 8
607 9
608 8
609 9
610 8
611 9
612 8
613 9
614 9
615 8
616 9
617 8
618 9
619 9
620 8
621 9
622 9
623 9
624 8
625 9
626 9
627 9
628 8
629 9
630 9
631 9
632 9
633 9
634 8
635 9
636 9
637 9
638 9
639 9
640 9
641 9
642 9
643 9
644 9
645 9
646 9
647 9
648 9
649 9
650 9
651 9
652 9
653 10
654 9
655 9
656 9
657 9
658 10
659 9
660 9
661 9
662 9
663 10
664 9
665 9
666 10
667 9
668 9
669 10
670 9
671 9
672 10
673 9
674 10
675 9
676 10
677 9
678 10
679 9
680 10
681 9
682 10
683 9
684 10
685 9
686 10
687 10
688 9
689 10
690 10
691 9
692 10
693 10
694 9
695 10
696 10
697 9
698 10
699 10
700 10
701 10
702 9
703 10
704 10
705 10
706 10
707 10
708 10
709 10
710 10
711 9
712 10
713 10
714 10
715 10
716 10
717 10
718 11
719 10
720 10
721 10
722 10
723 10
724 10
725 10
726 10
727 11
728 10
729 10
730 10
731 10
732 11
733 10
734 10
735 10
736 11
737 10
738 10
739 11
740 10
741 10
742 11
743 10
744 11
745 10
746 10
747 11
748 10
749 11
750 10
751 11
752 10
753 11
754 10
755 11
756 11
757 10
758 11
759 10
760 11
761 11
762 10
763 11
764 11
765 10
766 11
767 11
768 11
769 10
770 11
771 11
772 11
773 11
774 10
775 11
776 11
777 11
778 11
779 11
780 11
781 11
782 11
783 10
784 11
785 11
786 11
787 11
788 11
789 11
790 12
791 11
792 11
793 11
794 11
795 11
796 11
797 11
798 11
799 12
800 11
801 11
802 11
803 12
804 11
805 11
806 11
807 12
808 11
809 11
810 12
811 11
812 11
813 12
814 11
815 11
816 12
817 11
818 12
819 11
820 12
821 11
822 12
823 11
824 12
825 11
826 12
827 11
828 12
829 12
830 11
831 12
832 11
833 12
834 12
835 11
836 12
837 12
838 12
839 11
840 12
841 12
842 12
843 11
844 12
845 12
846 12
847 12
848 12
849 11
850 12
851 12
852 12
853 12
854 12
855 12
856 12
857 12
858 12
859 12
860 12
861 12
862 12
863 12
864 12
865 12
866 12
867 13
868 12
869 12
870 12
871 12
872 12
873 13
874 12
875 12
876 12
877 13
878 12
879 12
880 13
881 12
882 12
883 13
884 12
885 12
886 13
887 12
888 13
889 12
890 12
891 13
892 12
893 13
894 12
895 13
896 12
897 13
898 13
899 12
900 13
901 12
902 13
903 13
904 12
905 13
906 13
907 12
908 13
909 13
910 12
911 13
912 13
913 13
914 12
915 13
916 13
917 13
918 13
919 13
920 12
921 13
922 13
923 13
924 13
925 13
926 13
927 13
928 13
929 13
930 13
931 13
932 13
933 13
934 13
935 13
936 13
937 13
938 14
939 13
940 13
941 13
942 13
943 13
944 14
945 13
946 13
947 13
948 14
949 13
950 13
951 13
952 14
953 13
954 13
955 14
956 13
957 14
958 13
959 13
960 14
961 13
962 14
963 13
964 14
965 13
966 14
967 13
968 14
969 13
970 14
971 13
972 14
973 14
974 13
975 14
976 14
977 13
978 14
979 14
980 13
981 14
982 14
983 14
984 13
985 14
986 14
987 14
988 13
989 14
990 14
991 14
992 14
993 14
994 14
995 14
996 14
997 13
998 14
999 14
1000 14
1001 14
1002 14
1003 14
1004 15
1005 14
1006 14
1007 14
1008 14
1009 14
1010 14
1011 14
1012 14
1013 15
1014 14
1015 14
1016 14
1017 14
1018 15
1019 14
1020 14
1021 14
1022 15
1023 14
