40.0593 111.828
40.3748 82.0666
40.6902 93.4261
41.0056 104.976
41.321 109.128
41.6365 112.789
41.9519 93.9003
42.2673 109.246
42.5828 106.43
42.8982 97.1738
43.2136 100.236
43.529 108.257
43.8445 97.1657
44.1599 114.72
44.4753 99.1747
44.7907 102.999
45.1062 103.376
45.4216 89.8199
45.737 112.083
46.0525 95.6483
46.3679 105.292
46.6833 102.589
46.9987 108.987
47.3142 117.517
47.6296 101.495
47.945 111.826
48.2605 107.761
48.5759 110.602
48.8913 122.427
49.2067 119.968
49.5222 122.769
49.8376 99.3555
50.153 86.2355
50.4684 117.77
50.7839 115.721
51.0993 109.801
51.4147 89.5632
51.7302 107.617
52.0456 99.4324
52.361 110.497
52.6764 107.04
52.9919 106.83
53.3073 103.72
53.6227 94.1723
53.9382 103.148
54.2536 86.6917
54.569 101.309
54.8844 105.663
55.1999 103.031
55.5153 93.0016
55.8307 108.141
56.1461 111.581
56.4616 88.1118
56.777 112.493
57.0924 105.782
57.4079 105.437
57.7233 103.742
58.0387 108.747
58.3541 76.0862
58.6696 95.0382
58.985 98.1497
59.3004 94.2221
59.6159 103.034
59.9313 98.4782
60.2467 90.9764
60.5621 97.9817
60.8776 117.594
61.193 122.776
61.5084 112.379
61.8238 119.548
62.1393 92.3898
62.4547 120.946
62.7701 114.302
63.0856 87.5585
63.401 88.1544
63.7164 92.576
64.0318 105.701
64.3473 108.193
64.6627 98.682
64.9781 101.454
65.2936 107.079
65.609 107.771
65.9244 106.629
66.2398 53.8416
66.5553 71.6327
66.8707 103.289
67.1861 98.444
67.5015 114.011
67.817 104.521
68.1324 108.903
68.4478 103.715
68.7633 109.517
69.0787 105.098
69.3941 101.26
69.7095 80.7829
70.025 74.3647
70.3404 85.2145
70.6558 104.587
70.9713 104.637
71.2867 86.0303
71.6021 107.259
71.9175 108.583
72.233 111.371
72.5484 107.148
72.8638 106.001
73.1792 104.111
73.4947 98.0074
73.8101 85.9908
74.1255 132.988
74.441 120.88
74.7564 106.926
75.0718 117.537
75.3872 101.633
75.7027 107.045
76.0181 107.821
76.3335 97.7639
76.649 98.1789
76.9644 102.474
77.2798 103.578
77.5952 104.604
77.9107 85.2916
78.2261 98.8204
78.5415 80.6444
78.8569 103.076
79.1724 105.075
79.4878 103.886
79.8032 80.885
80.1187 100.845
80.4341 114.395
80.7495 95.9486
81.0649 92.3161
81.3804 106.495
81.6958 104.598
82.0112 54.8193
82.3267 100.342
82.6421 103.346
82.9575 88.4874
83.2729 97.4414
83.5884 109.626
83.9038 87.5889
84.2192 85.4358
84.5346 93.1418
84.8501 93.031
85.1655 85.6806
85.4809 102.996
85.7964 115.499
86.1118 106.862
86.4272 121.057
86.7426 115.789
87.0581 105.009
87.3735 111.546
87.6889 99.3049
88.0044 78.5826
88.3198 89.7873
88.6352 99.914
88.9506 102.26
89.2661 82.1041
89.5815 110.296
89.8969 89.5931
90.2123 102.851
90.5278 98.5271
90.8432 104.055
91.1586 82.2799
91.4741 94.392
91.7895 90.9817
92.1049 110.364
92.4203 102.313
92.7358 109.829
93.0512 91.3836
93.3666 92.8507
93.6821 98.9999
93.9975 102.789
94.3129 63.2013
94.6283 100.759
94.9438 98.6303
95.2592 109.019
95.5746 106.38
95.89 92.8041
96.2055 103.26
96.5209 103.774
96.8363 106.91
97.1518 95.9904
97.4672 86.6789
97.7826 96.1067
98.098 115.739
98.4135 93.6099
98.7289 112.867
99.0443 125.124
99.3598 116.835
99.6752 98.4323
99.9906 106.17
100.306 112.323
100.621 105.414
100.937 91.8468
101.252 111.698
101.568 101.297
101.883 107.91
102.199 106.453
102.514 79.3957
102.829 97.0449
103.145 90.2489
103.46 108.926
103.776 95.5483
104.091 79.8489
104.407 88.6147
104.722 104.644
105.037 109.678
105.353 95.6666
105.668 94.9291
105.984 100.729
106.299 81.5546
106.615 105.12
106.93 89.0578
107.245 106.089
107.561 60.4596
107.876 77.2201
108.192 90.0519
108.507 101.678
108.823 59.0208
109.138 95.0697
109.453 77.5284
109.769 81.4489
110.084 87.6315
110.4 98.913
110.715 108.148
111.031 114.889
111.346 116.701
111.661 81.7568
111.977 115.707
112.292 104.721
112.608 95.9064
112.923 103.81
113.239 91.7971
113.554 102.882
113.869 78.8363
114.185 87.5274
114.5 64.6687
114.816 90.4805
115.131 112.413
115.447 104.162
115.762 103.394
116.077 95.492
116.393 78.5846
116.708 100.902
117.024 105.845
117.339 97.6289
117.655 104.891
117.97 103.768
118.285 106.526
118.601 98.5949
118.916 77.1511
119.232 94.8354
119.547 99.5614
119.863 108.042
120.178 95.9109
120.493 86.0779
120.809 85.4335
121.124 100.418
121.44 106.238
121.755 101.087
122.071 98.2561
122.386 99.3787
122.701 113.323
123.017 120.151
123.332 124.874
123.648 135.291
123.963 114.437
124.279 114.826
124.594 105.866
124.909 98.9101
125.225 79.1461
125.54 95.5185
125.856 110.738
126.171 80.4371
126.487 109.744
126.802 102.513
127.117 95.6605
127.433 91.3374
127.748 78.407
128.064 75.7638
128.379 94.1806
128.695 98.1431
129.01 103.235
129.325 108.149
129.641 84.199
129.956 92.8877
130.272 92.8687
130.587 105.587
130.903 104.11
131.218 76.3296
131.533 97.1211
131.849 95.3409
132.164 108.288
132.48 84.9714
132.795 106.758
133.111 92.107
133.426 105.418
133.741 105.325
134.057 98.1079
134.372 87.7065
134.688 106.509
135.003 113.333
135.319 115.362
135.634 96.5843
135.949 109.266
136.265 107.314
136.58 115.519
136.896 111.699
137.211 93.2375
137.527 78.0395
137.842 101.708
138.157 106.486
138.473 84.7414
138.788 94.7967
139.104 88.4744
139.419 90.3821
139.735 101.643
140.05 90.9526
140.365 90.0804
140.681 87.539
140.996 91.6217
141.312 97.7267
141.627 81.0595
141.943 93.1841
142.258 95.1863
142.573 104.47
142.889 91.1603
143.204 101.956
143.52 95.3327
143.835 96.9887
144.15 102.248
144.466 97.6483
144.781 106.719
145.097 113.554
145.412 113.244
145.728 107.116
146.043 112.312
146.358 85.6983
146.674 110.915
146.989 113.503
147.305 113.815
147.62 118.042
147.936 109.232
148.251 133.552
148.566 127.713
148.882 118.743
149.197 109.185
149.513 93.5947
149.828 110.581
150.144 110.076
150.459 106.206
150.774 95.4103
151.09 50.93
151.405 101.659
151.721 102.665
152.036 91.8619
152.352 101.405
152.667 103.445
152.982 105.197
153.298 83.8625
153.613 100.533
153.929 108.979
154.244 106.193
154.56 108.301
154.875 94.2806
155.19 108.183
155.506 105.738
155.821 104.591
156.137 89.8478
156.452 76.4116
156.768 90.2914
157.083 108.122
157.398 109.249
157.714 107.793
158.029 104.32
158.345 103.969
158.66 81.8864
158.976 94.8722
159.291 93.5168
159.606 92.7493
159.922 96.3797
160.237 90.7285
160.553 78.1343
160.868 106.699
161.184 107.496
161.499 107.056
161.814 87.2127
162.13 97.9409
162.445 102.783
162.761 68.1023
163.076 90.4851
163.392 79.2249
163.707 92.5631
164.022 59.4737
164.338 86.1456
164.653 106.489
164.969 93.953
165.284 100.44
165.6 97.8151
165.915 89.4759
166.23 101.347
166.546 100.874
166.861 107.731
167.177 93.9194
167.492 104.636
167.808 102.86
168.123 99.0196
168.438 79.9452
168.754 85.6811
169.069 94.4958
169.385 72.7026
169.7 73.428
170.016 102.016
170.331 99.3771
170.646 82.5114
170.962 93.5465
171.277 99.7144
171.593 106.174
171.908 101.967
172.224 102.173
172.539 98.0056
172.854 109.316
173.17 111.394
173.485 105.742
173.801 106.258
174.116 105.078
174.432 98.0323
174.747 108.858
175.062 106.241
175.378 100.941
175.693 105.042
176.009 87.7209
176.324 102.016
176.64 89.3547
176.955 98.56
177.27 101.013
177.586 103.657
177.901 99.1266
178.217 105.064
178.532 108.265
178.848 102.59
179.163 108.36
179.478 72.0881
179.794 101.376
180.109 98.5561
180.425 100.083
180.74 96.6039
181.056 100.098
181.371 104.121
181.686 92.7474
182.002 97.4229
182.317 98.3998
182.633 96.4316
182.948 98.6479
183.264 73.5462
183.579 103.397
183.894 87.2346
184.21 106.462
184.525 106.017
184.841 100.965
185.156 107.417
185.472 73.8279
185.787 94.5082
186.102 112.507
186.418 84.5454
186.733 69.5492
187.049 101.746
187.364 101.676
187.68 105.009
187.995 83.0478
188.31 83.7664
188.626 109.583
188.941 93.0068
189.257 101.597
189.572 102.632
189.888 93.487
190.203 92.5272
190.518 106.022
190.834 101.191
191.149 101.859
191.465 89.4671
191.78 106.215
192.096 108.988
192.411 101.281
192.726 100.703
193.042 96.1835
193.357 106.604
193.673 105.211
193.988 95.5767
194.304 103.959
194.619 101.366
194.934 114.121
195.25 115.693
195.565 109.034
195.881 114.323
196.196 93.3885
196.512 114.554
196.827 120.61
197.142 114.567
197.458 112.881
197.773 137.137
198.089 125.85
198.404 125.024
198.72 114.746
199.035 112.604
199.35 95.2135
199.666 108.011
199.981 106.587
200.297 105.12
